mol        lam       chi      gam      E_AB      kappa        gR            gC                E_AC    
F4_Neg     1.2       2.67     4.5      0.78      100         8.00e-04      5.47e-08           -0.70 
MeO_Neg    1.2       2.60     4.5      0.77      100         1.00e-04      6.84e-09           -0.70     
NO2_Neg    1.2       2.67     4.0      0.86      80          3.00e-03      3.00e-08           -0.80  
NH2_Neg    1.2       2.40     3.0      0.80      100         9.45e-04      9.45e-08           -0.70 
TAP_Neg    1.2       2.70     4.5      0.80      120         8.00e-04      3.20e-08           -0.90
DAP_Neg    1.2       2.80     4.5      0.80      100         8.00e-05      8.0e-10            -0.70        
 
 



