mol        lam       chi     gam     E_AB      kappa     gL      gR        gC         E_AC    
F4_SR     1.2       1.9     4.0     0.74      20      1.0e-03  4.5e-03  4.5e-06     -0.72
MeO_SR    1.2       1.8     6.0     0.74      30      7.5e-04  1.0e-03  7.5e-07     -0.78          
NO2_SR    1.1       1.6     3.5     0.78      8       1.2e-04  3.0e-03  3.6e-07      -1.40   
NH2_SR    1.0       1.3     2.0     0.78      14      1.0e-03  3.0e-03  3.0e-06      -1.45         
TAP_SR    1.2       1.9     5.0     0.77      18      1.0e-05  1.0e-03  1.0e-08      -0.80         
DAP_SR    1.0       2.0     1.0     0.77      16      1.0e-05  1.0e-03  1.0e-08      -0.90        



